December 12th, 2019 - Open
AAPL: 67.20249938964844
MSFT: 151.64999389648438
AMZN: 1750.0
GOOGL: 1343.2099609375
FB: 202.35000610351562
TSLA: 70.98400115966797
BRK-A: 334330.0
JPM: 134.49000549316406
V: 181.66000366210938
JNJ: 141.32000732421875

June 1st, 2021 - Close
APPL: 124.27999877929688 X 4 (4-for-1 basis split)
MSFT: 247.39999389648438
AMZN: 3218.64990234375
GOOGL: 2381.179931640625
FB: 329.1300048828125
TSLA: 623.9000244140625 X 5 (5-for-1 basis split)
BRK-A: 435304.0
JPM: 166.0500030517578
V: 226.6300048828125
JNJ: 165.52999877929688

Weights According to Predicted Returns:
AAPL: 0.07236
MSFT: 0
AMZN: 0.42864
GOOGL: 0.02567
FB: 0.00549
TSLA: 0.379
BRK-A: 0.0
JPM: 0.08879
V: 0.0
JNJ: 0.0

Assuming a portfolio of $100.000,

APPL: 107.674566656 Shares
MSFT: 0 Shares
AMZN: 24.4937142857 Shares
GOOGL: 1.91109362993 Shares
FB: 2.71312074841 Shares
TSLA: 533.923128886 Shares
BRK-A: 0 Shares
JPM: 53.4718448468 Shares
V: 0 Shares
JNJ: 0 Shares




